# Created by Octave 4.2.2, Thu Aug 27 11:00:46 2020 -03 <jubertoco@vm>
# name: A
# type: matrix
# rows: 5
# columns: 5
 1 1 1 1 1
 1 1 1 1 1
 1 1 1 1 1
 1 1 1 1 1
 1 1 1 1 1


# name: a
# type: scalar
1


